0.910773181
0.61375054
0.409037338
0.050418891
0.748031892
0.588527861
0.830967723
0.336229516
0.409291361
0.151721385
0.950252091
0.689696603
0.843348465
0.897733041
0.069896329
0.055197434
0.158316755
0.232442328
0.443080429
0.701729739
0.832665806
0.585337761
0.781060269
0.309889602
0.050412605
0.136646657
0.207564682
0.50693278
0.696111243
0.109331946
0.995583315
0.529823496
0.647307304
0.683939149
0.712907504
0.174121822
0.740571934
0.611531577
0.27464501
0.922154325
0.787188547
0.547040349
0.389417456
0.064976585
0.001371505
0.901768987
0.020298449
0.85770929
0.833296837
0.186754065
0.718782285
0.209770051
0.452756103
0.453439643
0.408343733
0.704229214
0.954093174
0.685805971
0.946419187
0.038970375
0.770777551
0.059189111
0.607392609
0.669814519
0.501547351
0.705717165
0.841084185
0.466571714
0.562508819
0.140268603
0.097377217
0.619719747
0.800923478
0.227524741
0.55779678
0.142915618
0.88237968
0.866747598
0.706452066
0.730747092
0.7911484
0.085867475
0.2870259
0.872223173
0.723031638
0.065627459
0.779355833
0.392918111
0.270714154
0.867990499
0.410319054
0.826450662
0.287199089
0.653307561
0.930612208
0.80728763
0.937134002
0.462839096
0.475997474
0.586202801
