0.519803866
0.113961014
1.857806427
0.698925462
1.638198314
0.237346979
0.826086608
0.709195112
1.763515377
0.831023278
0.389438284
1.424376325
0.310834831
0.166013342
1.973467195
0.961306171
1.019651137
0.304029942
0.449086293
1.434844902
0.275015781
5.829424811
0.7007306
0.176394352
0.687717641
0.809892978
0.242049831
0.799699685
0.185265314
0.233734218
1.043762484
0.311633724
0.167769796
1.342563381
0.546052366
1.192249828
2.203960782
0.443712691
1.806491641
0.055952037
0.028521885
1.133324216
1.175441851
0.6817002
0.952183988
1.729949578
0.454406731
0.98732811
0.117620478
1.521255918
0.860026182
0.697662252
1.662523756
1.870666973
0.614817063
0.078076244
0.741667476
0.657047373
4.226240793
0.323092413
0.94501643
0.045073843
0.129460321
0.169304217
0.684952328
0.299024954
0.524484939
1.622869944
0.028818295
0.651615264
0.181180774
0.990673139
0.641322388
0.269860307
1.878633956
0.760541059
0.559672026
0.228842126
0.101350693
0.908500651
0.327483354
6.55470624
0.639243175
0.777622612
1.307762797
2.049657319
0.11815403
0.326261885
0.249542647
1.286577318
0.254594036
0.997036562
1.110860715
4.050868399
0.389370436
1.176385257
0.217403946
0.175660345
0.249762502
3.958961276
1.323976358
0.337716915
2.899256704
0.010586193
0.403269088
0.211610234
0.969234366
1.471164881
0.96945682
0.919370517
0.188782522
0.033089783
0.591753426
0.05695067
1.162363881
1.166244957
0.083580143
1.742594795
1.439628066
0.102977873
3.134130351
0.55699945
0.49309404
0.679425798
1.190482571
3.830853809
0.35663485
0.142825282
0.690740786
0.987357795
0.576800209
0.681708512
0.280441984
6.901036404
3.478647277
5.751373902
0.198170676
0.992197737
1.994607544
0.969849783
3.892390618
0.567900254
0.212664128
0.526626048
1.414513669
0.478405072
0.089963553
0.49388671
1.211443878
3.159263656
0.417433272
0.500266191
0.792023816
0.667784546
0.863093882
0.065743103
3.335332657
0.600969602
0.482796476
1.190131179
4.876861873
1.878857158
3.105067366
0.509970569
4.104968633
0.248167199
0.010304845
0.573639998
0.081640383
0.95178629
0.829067411
0.64204193
0.85529721
0.353841785
0.11275897
0.681854166
0.902433413
0.06761808
0.204085753
0.700468891
0.782950056
0.249248599
0.377659693
0.36735445
2.111437688
0.358801059
0.880903124
1.318003221
1.714928768
0.375738059
0.136296698
0.933237264
0.311747403
1.543396943
0.012073679
0.122160535
1.32650957
2.137867832
0.879114892
0.20454819
